0079104215669
0079777039613
89851855533
89160962457
89269228821
0079524915753
0079265570595
89154543014
89776986320
0079056886673
0079775212726
89267501983
89999759868
0079141484949
0079653075249
0079055601867
0079854815485
0079166729486
0079969669589
89779097114
0079264484358
89776340347
89163958646
89035713634
89032454172
0079036279376
0079619319300
89031066610
0079623603989
89253577532
89858141212
89104466617
0079771623206
89257116639
0079174326444
89094033301
89017789074
0079015054708
0079998454861
0079670963438
89255608488
89260213007
0079651363103
0079771717588
0079536427067
0079296915872
0079646457879
89104106777
0079773098076
89654329205
0079774125304
89671285122
89636157654
89028018054
0079605618433
89031107005
0079858489457
0079017130554
0079263804985
89651487448
89204285688
0079684682241
89660186006
89778938037
89671984795
89852345321
0079640001103
89999768693
89271707111
0079104712883
0079040141508
89258946128
0079267332321
0079998410948
89774632611
0079629916054
0079776624097
89629278582
0079267483744
0079260247620
89504382105
89150414202
0079013567939
0079031616055
0079169634987
89102522348
89522443530
89859702789
89176584375
0079253529275
0079062412751
0079031275135
0079999876695
0079605148058
89218754093
0079265319552
0079060632478
0079966478473
89201302485
0079161080208
0079652403535
89651027070
0079299987954
0079266924756
0079169187165
0079162638858
0079013462883
89850268558
0079032310804
0079772944136
0079017505541
89150493979
89260236851
89153416911
89654150881
89832443734
89671197980
0079256323934
0079999782330
89858886626
0079264410262
89779429039
89857584484
89652513636
0079166454719
89152118317
89152748035
89175192958
89586315352
89652720627
0079197681178
0079057430028
89771225935
89152795157
89852688215
89199946655
89250184941
0079251595292
89998367917
0079999762632
0079162632878
0079910416206
89160513103
0079013334511
89251000802
89257800064
89852539516
89251781568
89296116353
0079771675536
0079373699067
89295111875
0079035403443
0079999120899
0079534629642
89268548859
89096447864
0079853041042
89853089921
0079109924013
89169636346
0079262630233
0079647249247
0079253166560
0079776238482
89057060639
0079999707068
89015150443
0079175751208
0079284610975
0079194261645
0079327770001
89856123736
89262055928
0079258549888
0079257374520
89777072725
0079053297888
0079957864378
0079775846177
0079775421635
89262605656
89299193100
0079774532763
0079651970303
89851310007
0079151657708
89890882011
0079652250893
0079296727110
0079263281979
89998731986
89858672241
89998743470
0079167174050
0079778858973
89969673496
89197118393
89999651887
0079777318567
0079850895528
0079295133800
0079264663303
89264234697
89251833542
89263111242
89776571503
0079261383593
0079032041417
89772913155
89058336503
0079999658624
0079299640089
0079254749560
0079245920485
0079775967507
0079636113324
00996704199991
0079386664464
89671453616
89654417580
0079017834717
89586353017
0079151759537
0079773762640
0079013385714
0079017516107
0079267991387
0079774205844
0079167367536
0079258763646
89778129313
0079236816077
0079013566396
0079654219923
0079775514456
89164922685
0079778578433
0079998601041
0079775447432
0079858764978
0079998091749
89295119176
0079637177612
0079087941450
89855199669
0079032797503
0079859359096
0079876794448
89031175162
0079160830469
0079771446987
0079646237923
89800991834
89651992333
0079267565949
0079263751341
89255241439
89264145599
89015362966
0079859882425
0079175185282
89263824768
0079252062433
89002921218
89774633663
89776688846
89685043525
0079264405819
89017112978
89853077722
89164974655
0079099257068
89175526158
89996184213
0079324721612
0079109370270
0079160386094
89532738183
0079857730803
89162147230
0079998616461
0079687711747
89165006611
89160904080
89166257034
0079162296054
0079017516561
0079169414507
0079851619534
0079055284069
89670130325
89153156432
0079259893307
89032834718
0079262699788
0079773936010
0079853324955
89104648360
89164467049
0079299253006
0079775889820
89652633332
0079651485467
0079163090314
0079299654466
89686421706
0079267258019
0079854323212
0079261994890
89037460357
89777572327
89672152153
89168352137
0079163735127
89771722850
89852953300
0079266880005
89851217437
0079672595466
0079109027685
89165192031
0079265747940
0079672448052
89166623439
89343333413
0079258697770
89258428642
89032727470
89857233133
0079688565074
0079268399078
0079037009006
89267936838
0079254552524
89250993529
0079263532507
89586368015
0079778834078
0079671231272
0079032002888
89686513257
0079036163624
0079691231375
0079652566456
0079264234901
0079166201729
0079250512595
0079150026106
89856041655
0079057604473
0079161681019
0079265230089
0079167014556
89779392611
0079661514484
0079066220667
89151267586
0079175670841
0079066197239
89043326208
89013407743
0079166520181
89999242750
0079805405377
0079161041951
0079031608822
89852226060
0079160019898
89686556646
0079629952283
89295096107
0079692800288
0079689446242
0079261563337
89999893602
0079774019017
89165051555
0079060664699
89776823920
0079774103301
89055285554
0079092801515
0079299948839
89773322870
0079266299705
0079684958855
89032626429
0079060792914
89266226116
89777896506
0079035557033
0079917023260
0079165425997
0079254548455
0079685818881
0079777024374
0079165697607
0079263759194
0079857778002
0079255894903
89254473844
89017215132
89033007818
0079773356005
89258624883
0079255556971
0079253010405
0079775973788
0079267156308
0079652738393
0079857821242
0079969194666
89175442413
89113286291
0079153895901
0079265725640
89152533531
89057651363
0079057340106
89262347740
0079260672937
89254996008
0079152798337
0079998706442
0079269339302
0079802228882
0079855522490
89771543290
0079154814422
0079202747662
89850310767
0079651990299
0079259279000
0079688792101
89691236335
0079637820095
89999778489
89887782329
0079684243308
0079778890193
89778643027
89017015071
89654377773
0079959819854
89264487477
89037936272
89262881018
0079654390887
89683539330
89629983000
89167842603
0079263385658
89689312518
0079652868666
89669999920
89670268109
89162943248
89151927300
89017312503
89263329392
0079998131350
89096678927
89142263118
0079166949266
0079267020693
89082039109
0079031409238
0079640511960
0079774129392
89256886617
0079772884017
89772978683
0079254458591
89856388700
89660311299
89032383824
0079161635628
0079055252237
0079037694115
89295877976
89639660831
0079162039121
0079168278989
0079295764019
0079661246365
89017733929
0079779357619
0079409922078
0079162504010
0079168083222
0079688835141
0079654318183
0079299912095
89252078565
0079031507646
89099789666
89652899081
89260306611
0079660921239
89154317788
89060347127
89775760251
0079654953818
0079167541119
89999795375
89777527709
89251269652
0079164781000
89260346183
89264330037
89055337838
0079859811608
0079670300420
89160585454
89267508994
89165783076
89253510150
0079165994961
89299850017
0079263213312
89161220868
0079198436035
89104556967
89262538802
0079671082367
0079261912731
0079777017118
89055263331
89031107760
89197757953
0079169566828
0079618600786
0079265764665
89251719401
89164451959
0079850495958
89160602879
89772803660
89670992959
0079670333353
0079999934454
89852717582
89150419566
0079773558266
0079057779077
89296532264
89855063211
0079067091658
0079779636028
89290346183
0079263832890
89856327905
0079151714951
89507131320
89268354905
89166133000
0079773816956
0079854567232
89031803755
0079268797613
0079222739777
89260899981
89142878672
0079013803519
89683952254
89019829352
89851569579
0079165280295
89689945175
0079258498965
0079111240328
89777878708
89261160488
89875664885
89067577688
0079175675027
89663550640
0079264181941
89268099690
89859522163
0079602467125
0079946668256
0079938888892
0079956551488
0079264193051
89169068314
89263089358
89030113717
0079037758366
0079629375255
0079290060680
89161670055
89779874921
0079774361013
0079152214144
89290221109
0079684688688
0079776825011
89251964406
0079057718767
0079139051513
89267074343
0079267061033
89504518725
0079013596627
0079269414339
89617328822
89175123728
89199994511
0079772627699
0079674413680
0079150682255
89253334252
0079772637211
89689644952
89151624950
0079957778154
0079301500934
89250708194
0079031253244
0079263443598
89032765444
89067481314
0079850120984
89337771488
0079997142080
0079520869819
89277744714
89265191979
89507105671
89779174551
0079647934161
89261664539
0079653125461
0079199640606
0079265967583
89828100343
0079153191050
0079660204376
0079803125756
0079015134836
89031441152
0079775101023
89773021703
0079017362318
0079639991303
0079629351130
0079015606605
0079852558515
0079775190039
0079915685133
89153330166
89670209895
89096781313
89853536224
89265808444
0079031021818
0079774829493
89856960001
0079660907070
0079775393504
0079649023113
+7 901 181 8355
0079163164142
0079777357653
0079604038448
89269559466
0079162500199
0079870573707
0079640635271
0079031421192
89252035131
89672803575
0079251837370
89031758639
89859962246
89165118699
0079166848862
89261891610
0079260266383
89636881580
0079586307242
89031912812
89771944779
89199930330
89255678468
0079250028684
89263317214
0079162840430
0079996561681
89039635546
89779285219
0079152573038
0079259420900
89295474074
89013895961
0079104148496
0079266261399
0079636060003
0079629049160
0079850156830
0079876936478
0079857875445
89031337065
0079653929221
89969678960
89199951599
89005272893
0079881233706
0079266173421
89671386265
0079777282774
0079160581400
0079096772516
89168063930
0079998090447
89807297283
89365556153
0079772641701
0079262452396
89652124898
0079057372367
89636187199
89151240427
0079854455886
89031224141
89858392966
89250153045
0079032892064
0079017014376
0079267999930
0079859936449
89035889779
89683678588
00380976091662
89270746087
89104053973
0079771220591
89152073355
0079234502504
89653059797
0079125654176
0079850748665
89154355433
89104764767
89014098551
0079999821412
89588244801
89175162323
0079036221128
0079373287270
89055218846
0079154507626
0079265728632
0079775896874
89853149677
89267893603
89779661286
0079031818484
89774741095
0079269145292
0079995409803
89161171360
89260455998
0079300003434
89163131064
0079035409909
89663281313
0079299984077
0079773760997
89015919954
0079153085068
0079774490980
0079269588667
89099697085
89683784080
0079295082399
0079261532813
0079636316582
0079825259932
89850735954
0079152580835
0079774133969
89771373115
89295001156
0079264134998
89777567880
89175527719
0079161388291
0079773267232
89177993905
89997734020
89299336394
89637889578
0031615632890
89167200595
0079151755760
0079268434931
0079674786621
89998592505
89629219941
89191064549
0079296314402
89653230392
89039625705
0079162963250
89060105001
89264841060
0079017459272
89093941392
0079998896911
0079251187072
0079651860838
0079163400457
89999882514
0079261563441
0079153103852
89857160089
0079648673028
0079855188088
89176665401
0079136922507
89241111198
0079850425899
89999754023
0079851673024
0079256732905
0079265544324
89923414845
0079067861036
0079251352729
0079670944889
89031545238
0079883873986
0079164984970
89096903674
0079035420202
89645269614
89154554921
89250459998
00996702528626
0079776328981
0079057075812
89773494643
0079771025221
0079773310050
0079032072933
0079407772014
0079688069160
0079175640002
0079269700896
0079150041385
89255060188
89263540064
89325595990
89854666234
89154743847
89636379000
89637633255
89057567164
89156620541
0079031428414
89226107271
89851300340
89260250113
0079104929656
89587771100
89164997720
0079622218537
89104208307
89601304716
0079896141625
89163724411
0079269587048
0079689856053
89684006125
89013455883
89772716530
0079771386855
89250544777
89296606643
89323106240
89307985518
89953449870
89299770280
0079686470885
89255390094
0079031149156
0079299373185
0079855896007
0079777649793
0079163268048
0079261432720
89776596865
89771392316
0079013804230
89850288678
89646514510
0079233386745
89164403088
0079017015631
0079998687484
89169383710
89771852253
89775510356
89168841357
89161591894
89856194219
0079672677781
0079197773006
0079857248787
0079065862541
89690643434
0079060949229
89326666056
0079639917647
0079250692269
89067111282
89963828926
89685621162
89026278968
89014242990
89775199596
89299926604
0079099237275
0079687404411
0079952995711
89086510335
0079013615622
0079853340118
89057717753
89032405807
0079165180671
89671765931
0079690884320
89688635882
0079113032535
0079652221372
0079998350194
0079161846106
0079251904451
0079093055166
89856384760
89168422310
0079037097281
89655419937
89775734642
0079153625333
0079091534086
89067861911
89687893344
89161526827
89016901782
89268290925
89267583527
0079272452526
89776858573
0079207982414
0079774019032
0079994637006
89252864511
89772731723
89639243633
0079637501313
89854565460
0079851546224
0079295846872
0079037095130
89851838738
89853120188
89774165949
0079636997610
0079153545814
89156708100
0079852015424
89636761631
0079060317159
0079104775118
0079295513008
0079166501612
0079169326529
0079260495940
0079146672252
0079204045886
89253610309
0079260299404
89687343141
0079680813199
0079250356834
0079775741369
89625906172
89852981940
0079162634293
89258243287
89999603687
89605604074
0079525320399
89175095440
89852020397
89855014812
89263290340
0079779781697
89166657540
003800714289429
89152001385
89055814548
0079771619212
0079035945675
89036678797
0079169888886
89859207563
89670808181
0079636477442
0079167725857
89220208302
0079778264656
89154655800
89683621999
89067702888
89998327504
0079266668060
0079153808564
89774211263
0079168569043
0079091518973
0079805584381
89779763685
89037738531
89684174288
89588072486
0079251080542
0079680781886
89295910449
89852489106
89151638891
89775523488
89296264922
89165151273
0079776439099
0079772661578
0079775780154
89162374294
0079037087584
0079265666000
89687412243
89175741910
0079855259456
89774145390
89031137861
0079045113653
89258725125
0079645089480
0079251472211
0079897178479
0079688489706
0079377373713
89118673773
89653446499
89295489590
89773277723
0079652267551
0079167063696
89161405943
89260828259
89998952501
89296101310
0079308397051
0079157958488
0079035372277
89647795265
89857775356
0079671322262
89688829222
89150484225
0079775665251
89645617495
89662227722
89151614451
0079853357878
89260705037
0079165839353
89852304279
0079251296376
89778484951
0079031819832
0079268321988
0079037606248
0079154897723
0079661929485
89164507110
89261018099
0079774201330
89265435343
0079067302892
0079260667258
89660936743
89161285224
89166742009
89779640673
0079154883846
0079067775859
89150054018
0079099992291
89164039140
89771007380
0079778229097
0079263993348
89162948692
00375298077705
0079777717161
0079809707035
89610991113
89853501778
0079031069524
89778603430
0079689141892
89031584538
89267228846
0079037891647
89109275019
89773909294
0079175100803
89272716208
89151945489
0079998058247
89165654144
0079850840419
89269558343
0079037727876
89057212740
89777583675
89124504330
0079251004481
89166543689
89055065355
89160377129
89031786923
89296230475
0079964439976
89856283104
0079771435415
89295550237
89251007113
89082806675
0079206617213
89064090005
00375296535984
0079999972212
0079776180913
0079197867130
89508450748
0079857609804
0079859817884
0079151547619
0079251749454
89261765301
0079851858817
0079151895209
0079015922174
0079776236704
0079258979904
89269014119
0079778484784
0079670300426
0079037981686
0079091444432
0079647640351
89966420082
89962205311
0079771519788
0079778303293
0079266610002
89629614476
0079601640286
0079654383535
0079067987232
89689950733
89999879202
0079853451078
89012811728
89611351020
0079671528452
0079036615097
0079267228058
89684072651
89250874391
0079857676117
0079153476864
0079205667728
89260640988
0079253570809
89998753757
0079917748263
0079037086623
0079858096745
89671088914
89653012082
0079261992358
0079057887911
89853380282
0079271495013
0079775944062
89857655876
0079775807620
0079269204126
89998715748
0079670481800
89627574433
89275044977
89882570957
0079060552326
89169478125
0079585592785
89163109081
0079852569636
0079600311967
0079774114380
89057123060
89379073337
0079522166535
0079164374097
0079099262141
89197243405
0079057026305
89165107132
89150530419
0079165215959
0079262961236
89017405736
0079038685971
0079058800628
0079683318674
0079852190613
89774144180
0079163464590
89777933600
89775792705
89690600888
0079060716372
89957079399
0079855894501
0079672411933
89268830477
0079637177515
89776242592
89011857152
0079253794767
0079854192210
0079377417747
0079687414179
0079688709324
0079859869037
89370811735
89055912979
0079162395591
0079206170884
0079257810800
89100000130
0079779054606
89163318153
89055893488
89037796519
0079039603821
0079165596089
89260170847
89197654015
0079104597707
89265584674
0079151322195
0079780049372
89892470665
0079067413902
0079055112888
0079265776517
0079776101350
0079651838535
0079036668134
89060712641
0079853111867
0079268255531
0079268887490
0079028215341
0079096895292
0079160656850
89779165985
0079264730228
0079032970972
89169933732
0079999617758
0079779474471
89672530090
89772709121
89778320083
89653400001
0079259281872
0079096601160
89998302550
0079163675709
0079407705335
89168433990
0079055012627
0079918843419
0079265475072
0079161224583
89257908992
0079639941556
0079264236803
0079252026050
0079998668601
0079160867664
0079188376666
0079995557069
89853941030
0079094770338
89017626524
89777299350
89851679797
89197260633
0079266260000
89036758672
89189236997
89779679040
0079162563964
0079856821793
0079294353447
89771047323
0079269495309
0079145718963
0079164028787
0079636189546
89654164004
89268267270
89996794863
0079778553026
89167165154
0079057973535
89639939462
89032388102
89164353823
89250809785
0079055511120
0079687099580
89687294977
89636356763
0079652568470
89774394538
0079099717465
0079253015546
89258108330
89151162329
89996774878
89653240462
0079267821925
89264174416
0079250838569
0079680421122
0079779379110
89251006040
89257927955
0079775204929
0079624996332
89999235657
0079654443201
0079257854265
89858974269
89162031885
0079645834085
0079688177699
89005778156
0079850347535
0079255158984
0079773416045
89262520295
89260616550
89263018774
89251241537
0079920285664
89264182664
0079099101293
89057957347
89689363522
0079188908169
89601560364
0079859535252
89852180567
0079770207644
89776390249
0079672923706
89163931588
0079265870517
0079771287843
89026891542
89996815121
0079776767762
89262065579
0079252110074
0079645550438
0079653043131
89163766410
0079154571061
89206883447
89152089037
0079999027213
89774375072
0079997800958
0079779536448
0079953450351
89771708605
0079259459093
0079250341807
89269605267
89260715296
0079207907468
0079264460080
89171574139
89260797871
0079266145557
89162611993
89151936422
89912453330
0079689582237
89257897688
0079254187002
0079269082648
0079853999727
0079999893947
89777071835
89253741609
89169546118
0079263233273
89776260983
0079258448535
89096988607
0079646297473
0079265876961
0079851939850
0079267886177
89637619696
0079164246169
0079999721915
89995691644
0079997159225
0079539655481
89627270886
0079096767618
0079670822801
0079261689278
89856677090
0079272760967
89898222131
0079775812606
89169282995
0079773316221
0079779007890
0079615159625
89296786928
89262963594
89253236550
89269865749
89850290989
0079651568318
89857798096
0079776611940
0079299559990
0079774105679
0079253171466
89134256762
0079645118323
89202142778
0079663356805
0079209813934
0079282535932
0079661001016
89163122884
0079160393001
89654449572
89045025863
0079032044635
0079688405537
89914412885
89800964613
89257014847
89773601483
0079013491565
0079264377713
0079911231917
0079017110700
0079258636004
89015004727
89208968307
89852556602
89270538275
0079065136340
89689689193
0079037710834
89661404300
0079151778579
0079771564188
89199908713
0079125865550
0079778127097
89255107335
0079266576322
89161212461
0079051153771
89777101460
0079060464674
0079142810752
89067547001
89261395826
89259477373
89151996376
0079261691285
0079241877329
89779879565
89261380701
89170119879
0079019040302
0079153063126
0079160762661
89996324019
0079154753525
89645052328
0079165039750
0079169853452
0079777129146
89160304417
89254073622
0079309467725
0079295897460
0079091539306
89886314557
89251010859
89775169895
0079773515990
0079251117576
89266205282
0079175177635
89655168825
0079254039025
89687149629
89251902707
0079019054281
0079774385512
0079773728250
0079997983218
0079264020008
89773030433
0079162836117
0079256557295
0079168759889
89998436969
0079151521492
0079037652276
0079373387971
0079636789828
89772610317
89161327692
0079258552776
0079652577718
89057298480
89689235526
0079773098408
89160953325
89257121741
0079998596593
89152179764
89859429550
0079852979484
0079152345598
0079296658812
89266051288
89150070215
0079685169235
89175777664
0079162071201
89055290916
89067565552
89150476465
89695555871
0079778347312
89663634705
0079175952947
0079253090049
0079055901955
0079682863006
89996780005
0079175221271
89686752835
0079776043429
0079912139156
0079779664480
0079167785619
89164958338
0079258373844
89852102070
0079296904006
89264955333
89033382001
0079284434421
89151782778
0079858463975
89151468737
0079654593079
0079035507096
0079104340464
0079096664050
89151494144
89265633014
0079671737944
89162031886
89672448645
89164308790
0079671721010
89651929263
0079161487233
0079651482919
0079857284865
89035223869
0079263886594
89032999125
89012221118
89258035001
89035998995
0079859879054
0079162540474
0079017587980
89192605290
0079296587032
89269049164
0079684887351
0079160873130
0079997985867
0079268316265
0079096816565
89654168606
89996780006
89645213340
0079774398450
0079998583107
0079773798991
89773376265
89660534250
0079585020321
89250682090
89032059914
0079253272980
89523343770
0079099357942
0079856378364
89166156546
89106457100
0079067427422
89169338836
89266539349
0079261486990
0079099713879
89104395148
0079687070330
0079653556474
89778962682
0079773877998
89771701115
0079774877998
89260657282
0079998489601
0079261313926
89261722366
89175164063
0079104040696
89934448880
89254318243
0079269190694
89347776999
89998051286
89261624354
89637574931
89687707709
89299993984
0079651249674
0079067160208
0079880285877
0079671671191
0079261390301
0079055105650
0079267199649
89015288982
89851779619
89264231146
0079161897025
0079776953353
0079150823530
89999806315
0079161651458
0079670206688
0079661055625
0079532860210
89268386365
0079377219064
0079257619199
89263444056
0079015992200
0079266474541
0079265393060
0079645702420
89998621941
89858078343
89082993717
0079525832145
0079268594337
89772979903
0079260603938
89104558344
89773215155
0079671649050
0079168894964
0079651193777
89269062664
89105660716
0079165955777
0079273767666
89857499148
0079774291458
0079263177315
89158756449
0079251656696
89175777728
0079773939772
0079175901053
0079777732651
0079307876799
00380996292081
0079771417481
0079264307876
89684046279
89622375028
0079261221142
0079089388114
89057973702
0079654076358
0079689287369
0079777549379
89998740270
0079771644834
89859524310
0079779342846
0079169852109
89260315189
89057207725
89857057725
0079303006375
89104025346
89267387420
89025830029
0079771546113
0079856388093
89858516878
89772634611
0079990777081
89169312066
0079265464292
0079672033307
89255299656
0079857739785
89892436220
89263030777
89161571191
0079151054958
0079131665191
89168280788
0079878102838
89629418250
89067937748
89851345757
0079959047179
89032557038
89998685592
89258528589
89096393367
89687984846
89253283119
89153267032
0079258541981
0079057724422
89654062070
89104057012
89112003001
89265543804
89158190536
89013480067
0079774892129
89653102661
0079998080190
89772880032
0079388686277
89771337736
89771025718
0079250202173
89690510330
89854351314
0079093838889
89037743183
0079852620096
0079034207471
0079779334600
0079773737201
89266381915
89504444499
89151210707
0079689373216
0079296779107
89996025994
0079684068090
0079142677747
89588311211
0079032279815
0079162863939
89266812055
0079251173575
89333222050
89231591875
89850680309
89777316379
0079037872942
89268116520
0079637151031
89535625594
0079684388295
89037631664
89253620732
0079057344114
0079253351326
0079035600103
0079154176507
0079661900146
0079928883388
89104066431
0079031070875
0079269614777
0079067034488
0079296673350
89295250622
89685968943
89851864696
89055157721
89265253080
0079889320383
89096904980
0079259017327
89299245818
0079013665008
0079152801538
0079037995358
0079853620404
89153408347
0079037566501
89021518980
89035045252
0079154660676
0079153536525
0079175783172
0079772609585
89654173717
0079687012326
0079166349937
89771136182
89250964834
89259108028
89775401659
0079999832457
89299914857
0079163019762
0079135238641
0079261940175
0079852647924
0079771755306
0079118341575
0079647007744
89261144544
0079680680836
0079160642762
89099588787
0079999673977
0079259020156
0079201211254
89513152412
89685007472
89858323233
89014294804
0079771417361
0079014294834
0079282711358
89013605259
89039770188
89265384847
89637769766
0079776883721
89588246909
0079264296241
89096538556
89191070722
0079613406789
89637207484
0079606040893
0079777433589
0079683244697
89258453771
89654109737
0079771964162
0079031394308
0079150158805
0079654396403
0079166140719
89037303270
89191080646
0079175474034
89101961746
0079397709588
0079150091031
89893005480
0079161159643
89253058384
89886999150
89099339932
0079857715812
0079263878867
0079027885553
0079999061712
89661109256
0079263883660
0079032160706
89779287797
0079031208364
89999889620
0079165691331
0079151876821
89057986341
0079688389418
0079259990294
89295955121
0079859946192
89035272686
89262539322
89670581011
0079150338843
89611981515
0079262186161
89854830545
0079671659729
0079268673474
0079778022005
89833797456
89333108777
0079265652346
89035392888
89774174655
89683998262
0079636834946
89257140206
0079281590715
0079167979359
89199385636
0079999029861
89151939382
89258105133
89999658660
0079031607000
0079775389733
0079295583271
89104952266
89067645003
0079645010182
0079153957337
0079032533877
0079885053204
89645744345
89256828375
89199628958
0079343333328
89250623431
0079261613853
0079268005755
89818332604
89255993525
0079255805175
89150390653
0079969677042
89773632384
89265205458
89850986826
0079261242777
89153149012
89620900839
0079017015027
89778384832
89099471465
0079999167573
89014256443
89631537766
0079271318231
89269555836
0079168787225
89774081993
0079778397286
0079772972300
0079916749765
0079055860790
0079637614757
0079377710412
0079175409494
00380713049320
0079774775393
89161386535
0079670462933
0079670752387
0079160510917
0079645202363
0079032854441
89096931799
0079857699361
89778950922
0079629953760
89261499128
0079777625658
89255049525
0079104883238
89250410276
0079036160790
0079269290180
0079035551928
0079855589348
89688445011
0079255237344
89264234133
0079197774038
0079775622261
89267969304
89771591649
0079165039316
89267503765
89258399963
0079252861983
0079990034152
0079851640653
89773419432
0079917775556
89031619132
89057834576
89267303114
0079163960702
0079262865236
0079141771883
0079263516902
0079137179921
0079689423303
0079267622631
0079685656587
0079268795015
0079859367517
89255556681
0079092560377
89192284614
0079773805211
0079688942232
89645847749
0079250108150
0079253570801
0079252289315
89850114326
89776361226
0079534493759
89855687980
0079654421111
0079092571250
0079036855353
89856006087
0079999717119
0079163890442
89163107278
0079670177812
89200314167
0079629505158
89809050411
89260112613
89202137723
0079060912003
89968882226
89038190333
0079014045198
0079195035177
0079252250187
0079652772164
0079152934364
0079269534717
89779942133
0079774385547
0079099349687
89057999287
89806307930
89164554118
0079205479153
89202414144
0079953012045
0079995413197
0079779772966
0079647688039
89888003813
89175668585
89268410135
89123091220
0079779105557
0079854309490
89851865500
89161898843
0079671533738
0079773368918
89017324504
0079039693536
0079779366281
89104723060
89255399619
0079175495279
0079099093979
0079299144391
89852071465
0079162593148
89268676310
0079639780211
89165838443
0079639945408
89262110311
89263659528
89036728033
0079062693653
0079265511881
0079992246202
0079153810741
89031758711
0079032178677
89264750707
89257185504
0079680011765
89261204684
89032091484
0079151136581
89637868462
0079153255325
89771946141
89261646811
89647811681
0079646209818
0079175301949
0079253197300
0079652844108
0079999745668
0079661240235
89045973902
89774174215
0079163075885
89771412601
0079264097945
89153769004
0079958883857
0079036194202
0079032730426
0079999167400
89096263637
89253021731
89774829419
89224895522
89660500840
89852776052
89269169147
0079136309804
89060792199
89261445641
0079663083538
0079036228128
0079164963776
0079252251713
89855807980
0079131774241
0079258336688
0079688180648
0079858337230
89164607985
0079604890564
89296629387
89184448263
89264924493
89998980185
89253133938
0079269570767
89055275152
89653516464
0079262061298
0079680614458
0079663654222
0079166105264
0079015589194
0079234989725
0079999684674
0079636022534
0079000181833
0079262696314
0079035945044
0079775982501
0079653698833
0079269707604
0079917467532
0079197651515
0079175692840
0079663022409
0079683734730
0079268467610
0079151111557
89857967899
0079855592916
0079163624475
0079017682290
0079856261979
0079857631214
89853581863
0079151101131
89670721187
89686087757
89652518011
0079057651603
0079855286592
89269494365
0079660041777
0079685759006
0079261901317
89773596829
89773980757
0079263350433
89614000964
0079853419907
89780339713
0079253455161
89265821252
0079151516654
00491635980445
89167092567
89661780123
0079652589684
0079686442922
0079998576914
0079775698930
89853437750
89270115759
89266024971
0079257024077
0079163890099
89627974715
89256592349
89037390889
89175334858
89150918804
89153851078
89969653297
0079262541075
89652885600
0079035855409
89851167924
89261021001
89778846479
89000710424
89267128345
0079164797398
0079164968441
0079686624367
0079166381806
89165824428
0079031132979
0079875683318
89150838143
89855010057
0079035661906
89773532315
008615960291541
0079265237892
0079057172073
89067862989
0079104884205
89779625897
89803431400
0079262802266
0079999705645
89163196151
89999709558
89637786374
89256560800
89266996808
0079851887096
89689301161
89099992164
89260432407
0079814416352
89645072128
89252211523
89067248005
0079169316532
89995550707
89150484626
0079165471337
0079857629066
89031548824
0079261654990
89067133300
0079779336919
89778121034
0079853422102
89033635859
0079154148422
89249227621
0079254400064
89636101089
0079775622217
0079299553324
0079690414440
89686073270
0079775887790
89267042434
0079262913090
89671070840
89256464891
89262565843
89856409203
89778710196
89160703457
89055266709
0079163117090
89651644310
0079261991633
0079853565472
0079250700759
89017789116
89166468298
89773927727
0079191324221
89629437023
0079263246209
0079224323810
89268361082
0079067591423
0079651846501
0079778770668
0079166589699
89160238877
89030042942
89188691642
0079853510502
0079166118217
0079656853585
89165953378
0079853373556
89266946789
0019093036876
89152572906
0079778174757
0079258999700
0079165813991
89166399074
0079774740676
89777002591
89154330879
0079263259145
89263988972
0079998783916
89265234163
89168783371
89675115143
89776044691
89296354295
0079858601174
0079999714046
0079269310665
0079037922311
0079251202005
0079778977153
89642492655
0079104649889
0079920143822
89877172209
0079372442165
89309577632
0079164166049
89371598088
89994680504
89850202336
0079778354481
0079100093605
0079257679539
89951973905
89013566197
0079513121457
0079289499666
89997190706
89998530741
0079032162068
89771241156
89260653737
89031119311
89104263521
89265495399
89161047534
89775094256
0079011837737
0079153118561
0079265584188
0079264536634
0079685374413
0079856609456
89888336992
0079256191840
0079197694943
0079778453010
0079131517978
89162675978
89264320404
0079264159952
89661242772
0079691116868
0079859295745
89776049046
89231252293
0079652639823
89099996215
89653728919
89855189065
0079170037998
0079197723466
89776615591
0079850263309
0079999042474
89646484206
89253350208
0079150013885
0079119575181
0079998494898
0079631110413
89043333862
89175245778
0079831645181
89773540923
0079771106241
89917507028
89060120535
0079085386999
0079060824144
0079685979970
89252680646
89645250301
89163826843
0079853883850
89160289203
0079267014822
0079250880808
0079775044146
0079858045383
0079031385810
89651546020
0079629263200
89296538446
89261602772
0079639399959
89991121885
89267839544
89670130113
89099806321
0079251853701
89055741770
89660575571
89168591309
0079629823722
89168412949
0079778547081
0079960275990
89615284261
0079263703036
89771526123
0079257985177
0079778565126
0079652858268
89067679937
0079778017398
89253500900
0079771958569
89269117911
0079032819320
0079153327512
0079037379950
89254473595
0079672593691
0079777605439
89776615491
0079165044541
0079835860249
89162096646
89169676058
89857217869
0079168027575
0079161133284
89501335220
0079250943120
0079251016515
89057505398
0079672057233
0079002951450
0079152041717
0079773616346
0079651616135
0079032453004
89060970679
0079773653198
0079959161605
0079107850876
0079775966641
89152972283
89777461282
89645628508
0079996676414
0079162609849
0079104663332
0079670608154
0079778765819
89259980049
89014508878
0079263684800
0079152033771
0079685775025
0079912404218
0079998321009
0079774900773
89168224500
89169424418
0079267194008
0079153683909
89645182189
0079162514935
0079107505982
89161373441
0079162175105
0079032193088
0079035341098
0079266565029
0079670512429
0079151795199
0079166863665
0079015140842
89647906569
89775854845
0079151772724
89152655575
0079295270735
89253559363
0079169159878
0079302251185
89104908616
89267268763
89652048990
89264668583
89636613527
89639979888
89998352047
0079037415198
89263357485
89653324449
0079779739389
89165496652
0079859858934
0079104738250
89652641525
89652677766
89672677766
0079852603880
89234358672
89037372010
0079104844286
89990881685
0079778321814
0079856958996
89161831447
0079264553905
89030096127
0079852674258
0079163644074
89268944162
89175107460
0079269322279
0079263596905
0079774651816
0079636081223
89257965688
89851587991
0079258735559
0079603998801
0079031523396
0079166300786
89151888660
89251997734
0079853547075
89680679026
89099341660
89164509773
89099889666
89258973665
89510665388
89776497684
0079652090950
0079661862954
89253393132
0079859922827
89169901002
0079264009204
0079773736237
0079256845392
0079851355709
0079690155665
89262200707
0079771498655
89651159565
0079782002107
0079645134473
89262717533
0079998311629
89161430053
0079167315050
89777300107
89687967888
89057723114
0079031085885
0079251617779
89857964476
89263248383
89654302358
89051602898
89265165827
89269531705
0079525900621
0079651589066
89091623911
89263161137
0079969226040
89269598337
0079776108176
0079250480298
89299439000
0079032504527
89779258919
89017933214
0079060376726
0079859762514
89099512202
0079653679999
0079645747429
89197733780
89258739390
89151894618
0079162045545
0079266657558
0079858921332
0079251787308
89017065504
89637110184
0079672818121
0079671266663
0079685816789
89258162833
89239721557
89850985934
89850918111
89779740225
89683200281
0079859323583
89158267139
89688379007
0079686720960
0079026851196
89261614863
89690632424
89261658318
89779605101
0079167325598
89269210240
89629163271
89266227644
0079672316333
89771067151
89995554542
89774814198
89204483844
0079093613364
0079774964341
89651274646
0079380295336
89150058675
89161316621
0079269145411
89175727919
89997110590
0079999293758
89017874510
89994444399
89299810060
89030082727
0079261138501
89875552124
0079778831247
89807523571
0079621835853
0079774579970
89857373944
89994691126
0079163063958
89037857952
0079154562623
0079083028387
89014046593
89021432525
0079262667855
89258975868
89853196507
0079255975868
0079153176026
89845550055
89017807579
89267060173
89099069955
89671395931
0079957252013
89775076857
89778593115
89773075659
89997108173
0079326239005
0079203584941
89856406634
89645000432
89778112460
0079265790997
89035531094
89160420604
0079165480653
0079685299315
0079773232602
0079771623717
89163063968
89268876065
0079256880686
0079685985518
0079017419362
89096787692
89031793042
0079690347454
0079663622617
0079653718181
89611777750
0079850246001
89018886779
89775422065
0079254656869
89688166758
89999863365
89776550827
0079993053030
0079175648496
0079264418399
0079256015613
89527957088
89997112275
0079253142614
0079990960131
0079267195090
0061437796436
89185846808
0079254222204
89017261090
0079775167594
0079163502290
89037258207
0079180765195
0079104458744
0079260774577
89998506760
0079991838485
89160375259
89015925342
89645201612
0079656351177
89775527669
0079588279688
0079859096166
0079265927932
89651847793
0079205788710
0079680777555
0079035720314
89160401490
89295201211
0079150829263
89153087517
0079262842079
0079859502470
0079150903218
0079099721362
0079151169731
89637773022
0079167272281
89995665251
89060225878
0079055700830
0079175473861
89654036627
89013810100
89104308485
89858730019
0079645395605
0079162008926
0079096826196
0079854674497
0079264550322
0079259133774
0079168820002
89055887225
0079162680234
89086803786
89154741381
89853389898
0079254440834
0079269711529
0079774229818
89852262903
0079688273504
0079651390333
89998156850
89035842330
0079260013436
89152452245
89150307860
0079175450593
89773462918
0079199966617
89039732127
0079266582665
89250647765
89036631100
00375296861040
89778851319
0079258073783
89852111166
89997155439
89037729995
0079067690000
89963096313
89851555057
89260911578
0079258618888
89776232829
89057504651
89680307177
89175277759
0079645097294
0079683334777
89683324211
89999792726
0079265402490
0079371453365
89113528960
89778501710
89299000135
89684935089
89255625773
89296028775
0079778196274
0079817106094
89851448203
0079852375244
0079032001571
89256196517
0079299791027
89773607549
89036288244
89264708760
0079777976861
0079303073503
89261945925
0079055550422
0079164125657
0079264262038
89851210948
89151392169
0079161467773
0079852993322
89261795031
0079152447752
89168395922
89104221648
0079999678918
89639644867
89153959042
89194514112
89853804433
89096716505
0079773493247
0079295851915
0079998204058
89672478388
0079019042326
0079055044733
89035140949
89032384748
0079779348530
89057017453
0079663529443
0079175401011
0079636046915
0079060915478
0079060915378
0079251945916
0079775289950
0079099728555
0079688718289
0079166970779
89175224197
89273604474
89257177232
0079778667591
89857663101
89774990745
89657987861
0079265660570
0079771618851
89687653777
89688998887
89157666570
89857787490
89116209699
0079671613888
89174840469
89670996744
0079036848714
0079774353658
0079267305425
0079859058293
89032670321
89252012270
0079259918952
0079058006762
0079687685189
0079266895818
89779921142
0079168873344
0079013631237
89637541399
0079776197540
0079998520218
89777264420
89161269400
89917503575
0079165684736
0079160325759
0079672105557
89254431777
89677773452
89206093487
89772951450
0079165425952
0079661319654
0079155091974
89776032726
0079859207649
89067641171
0079263360605
89264637253
0079260229833
0079243675072
89164089694
89169696255
0079262027854
0079013854140
0079653066616
0079772739056
89647133936
89091682271
0079014254113
89200766897
0079774359665
0079168078886
0079154151077
89775716424
89255336808
89303360956
0079051371493
0079670911630
0079253861429
0079774969122
89279856665
0079777051479
89253478286
89262713700
0079164018423
89777996354
0079055823366
89175383683
89778957161
0079252687707
0079661607269
0079779559750
0079166422850
0079295186246
89636363288
89296460087
0079162345640
89255495110
0079959944355
0079188488430
0079772521041
0079268198771
0079998073358
0079660559090
0079109181951
89039767474
0079851202929
0079771621829
00992944444241
0079263797544
89032626260
0079670905500
0079884516270
0079809025019
0079771614892
89689770100
89775977525
0079772967613
89162157725
89269068605
0079055078008
89636321825
0079164216746
89162809685
89166236645
89670001188
89160968096
0079856274104
89269953163
89773061517
89685637623
89263933530
89191021818
89773765595
89652101799
0079654470074
0079262353824
89166501814
0079776311488
89588027249
89254792029
89857691059
0079104823651
89162000175
0079175767694
89854313939
0079663497923
0079152304186
0079265760712
89150818384
89778798019
0079096890475
89264157896
0079636260486
0079013644061
89250272767
0079773620830
0079775617475
0079773031181
0079851753229
89636139666
89998923933
89269580091
89035198005
89268977766
0079852783912
0079773816900
0079262091118
89153629030
89779252594
0079269568018
0079164454040
89253086965
89262363325
89778550957
89253239111
89165071107
89262283000
0079263293062
89175429662
89265503236
89263458033
0079586443668
89106221222
89995279696
0079115421309
0079153907788
89771653606
0079031859139
0079080782299
0079855181225
89250484117
0079253776617
89653995755
89031894846
89166168086
0079645205125
0079776226474
89037913718
0079269806888
0079267346120
89773225467
0079260568041
0079775625199
89266903884
89850161651
89055871405
0079778143055
89614246824
89055883425
89266738677
0079257101800
0079771193158
89267028982
0079104251674
89266687641
0079777308847
0079253776614
0079774984291
0079017276205
0079162518881
0079165905653
0079167725526
89262773545
89258533877
89150399888
0079663136388
89017646942
0079612912844
89170049679
89295780409
89035974771
89035241829
89687436159
0079771972719
89156170806
0079687421000
0079153752032
89858996569
89775215497
89256241524
0079629786888
89646357126
0079685060755
0079091519665
89264339932
89036636188
89853819407
89684990467
89133863322
0079253242330
0079168747808
0079151111311
0079960652644
0079035388878
89151666991
89251500302
0079850489796
0079859331412
89160795559
0079139360183
89647241790
0079153473031
0079663629013
89060618890
0079957700893
89167777730
0079251248744
0079777082537
0079251409495
89853856562
89035001340
0079268417107
89779148241
89773510421
89261300900
0079773946945
0079685258245
0079125788512
89031856822
0079771813901
0079636341480
0079055052186
0079671920613
89250384402
89087060095
89777819848
89067894317
0079067196122
89162159791
89162951188
89671174379
89060827435
89600827435
0079269820808
89160960163
89258610632
89104595760
89036751037
0079777909409
0079252369013
0079150462911
0079032282723
89031795286
0079854501488
0079168489802
0079192017505
0079154944972
0079203852028
89104024339
0079645285809
0079152094680
0079199929700
89263724866
89096352815
89057339377
0079999835238
0079605803588
0079055962206
89969657274
0079680933234
0079037209340
0079175929291
89166740555
89254858066
0079296976693
89168439129
0079037463283
89994444663
89254305248
89859870711
0079261623000
89055621878
89778971923
89778075125
0079152927976
0079685749439
89162377440
0079999681495
89990955035
89057837938
89686936246
0079299208229
0079855577896
0079164284968
89037796736
89850606547
0079660244424
0079776234669
89771728017
0079057370734
0079036619963
89055342060
89678683746
0079262548915
89055683656
0079663089411
0079030088494
89165361669
89031143661
0079055144555
0079166879008
89067390008
89250247655
89086022612
0079153060169
0079856837727
89031811107
89055929992
0079255606900
89035375376
0079104415158
0079261783813
89296083451
0079060542809
89851529288
0079013446691
89652419296
0079647087781
0079057593384
89688175757
89032465746
0079672512622
89168507209
89062440441
89268743464
0079037782190
89652803231
89607373973
89152137787
0079261155047
89268533116
0079851662556
89118275081
89163910990
89777332743
0079104548451
0079258682326
89021303563
89036737663
0079296705558
0079999995582
0079035111271
89055246944
0079259168230
0079213485294
89154292686
89067452285
0079852954400
89296019096
0079997886615
0079150636319
0079645994180
89160673776
0079672303329
89036617337
89261603782
0079035730812
0079685408315
0079253103828
89031441735
0079055365698
0079161897028
0079254713307
0079264668656
89053832795
89251450668
0079778001235
0079778296696
0079771987109
0079250654440
0079189048050
0079771633968
89060909096
89252622543
89855881201
89850621542
0079773626313
89258633999
89997155102
89299035436
0079651404172
0079268455514
0079998008104
0079636042454
0079996712005
89054978979
89853587246
0079850711219
0079067063233
0079175613546
89771017727
0079161923240
89629551500
89899880336
0079261575756
89853189999
89687277876
0079033969382
89252771194
0079774961178
89961936487
0079169400178
89014034937
0079015921619
0079933331155
0079823047207
89264967770
0079637685055
0079055081245
0079521292270
89832332099
0079256322502
89518800308
0079680272772
89256215552
0079670352194
89165925001
0079771245801
89162220397
89999854926
89151258282
0079999251311
89629289184
0079200636350
0079670721312
89166142846
0079775706155
89065625676
0079017743247
89268845472
0079999822497
89104282369
89296561348
0079773464925
89153698740
0079772788378
0079773556152
0079055558565
0079618695587
89268314999
89251047673
0079164391911
0079161407689
0079154342325
89680562100
0079854185159
0079777261048
0079688908087
0079998262665
0079254980708
0079689874815
0079162316556
89099821334
0079152120859
0079774009813
89660999829
0079999136876
89030113868
0079057493990
89774458962
0079850265813
89661162568
0079256141896
89164979267
89771072510
89031813011
0079771617573
89162010145
89057605787
0079680949928
89168864727
89057687845
0079778366123
0079777177468
0079154251608
89667023651
0079647927294
0079992782496
0079296181639
89250669631
0079265410940
89663099587
89990019892
89150021390
0079856215805
0079165923543
0079647170044
0079261669439
0079637205050
0079169525242
0079032287693
0079776212593
0079168424614
89167886969
89035315134
89167577757
89775174773
0079036630605
0079507617202
0079776476291
0079771978370
0079999828078
0079670268013
0079060301286
0079777659851
89998101863
0079610041044
89163250089
0079057433984
89689455045
89163692265
89663482208
0079265636033
0079017370166
0079775692707
0079296295056
89150389669
89161845717
0079017403988
89777974641
0079104100990
0079856968483
0079773941712
89067347277
89165489399
0079152651159
89670430878
89773249198
89257311592
0079998989311
0079257316390
89262222063
89057433243
89687833434
0079645007575
0079254416615
0079859304499
0079165736262
0079780552532
0079776468977
0079959245933
0079621612520
89161993636
89600918474
0079299455199
89771436433
0079852007471
89779831399
0079621570827
0079161612214
89771690272
0079774941101
89996790849
0079055542223
89154004523
0079776267212
0079776099697
0079260772739
89166023450
89660347083
89611681637
0079169135198
89031080033
89268283161
89250510793
0079161856696
0079036618187
0079686488414
89645588085
89295121140
89263727850
89857278147
89683677828
89167522086
0079263984507
0079299116318
0079150023410
89687685015
89167965585
0079096800030
0079999207100
0079255254901
89140924600
0079309405060
89055540187
89037972283
0079015713436
89168285834
89104256435
0079851872108
89162653128
0079771680778
89269172669
89254615955
89855264884
89855154558
89036123881
89263612061
89165037833
89104307897
89022057906
89855146265
0079267913366
89260202669
0079267502710
89032304202
0079035004542
89295356084
89160588288
0079851313110
0079104440178
89104144973
89653128666
89160248444
0079268902716
0079856137215
89154324456
89253089151
89055511118
89055208918
0079262251169
89153241557
89779439635
83422229739
0079854251493
89859647559
0079776135463
89104945947
0079689315996
0079257488297
89067364610
0079164583857
0079084658029
0079099829798
89670967778
0079686375550
0079177225360
0079152166732
0079161711129
89267014103
0079166015047
89859516871
89166295652
0079629720009
89256363306
89280311276
0079268980113
0079776259557
89611940160
0079859156658
0079252753193
0079038966500
89051174355
0079998623916
0079858988038
89686192999
0079255181242
0079779201398
89096506611
0079998524497
0079150408988
89853434412
0079175828400
0079015479239
0079853348804
0079255880244
0079262843847
89017591346
89161475184
0079037509222
0079031575427
0079269332188
0079015630614
89067942209
0079687392599
89162910025
0079262255270
89779551639
89263517311
89037775983
0079859322077
0079990012421
0079684993663
0079039718191
0079150697035
89773527371
89685505724
0079856485115
0079261427536
0079629709898
0079257257135
0079035521623
0079852079114
0079635890834
0079031443049
89645381653
0079374479555
0079035600210
89990044902
89650976806
0079852130909
0079772916969
0079061340306
0079969642158
89299689899
89637147989
0079017151081
89016913850
0079777727455
89585002458
89051744930
0079167090978
0079779775933
89176547588
0079199950266
89258744174
0079265910856
0079255888816
89160973117
89099197366
0079687030661
89067236716
89266421402
89777114964
89689115203
89152403009
89773650826
89263860067
0079153830636
89036619639
89532810724
89197681234
89854893777
0079265858066
0079685250915
0079690472406
0079265787077
89651802609
89295049294
89279961122
89996010886
89776621660
89247655257
89685329561
89654167954
89096465992
89774159937
89670233466
89036725424
89859382615
89261865430
89639606090
89165103417
0079295998801
0079197653061
0079774041594
89253552307
0079687244344
89259247278
89379130612
0079031845331
88782264680
89264089423
89851784228
89152946939
0079169716515
89257491142
89258888226
0079254500035
0079693477175
89199944451
89687808669
0079773507994
89684140190
89771017830
0079266882450
89165800370
89852338989
89647015229
0079653008952
89654116048
89853830420
89254693070
0079268535135
89257170905
89853170046
0079165142566
0079057519894
0079689899499
0079876833604
0079267255109
0079142734445
0079252580800
89152234186
89260310559
0079262645852
0079774654436
0079104736015
0079163169333
0079163881020
0079031501309
89295125300
0079775733432
0079964478719
89167818281
89692847174
89030060973
89261971618
0079296422189
89266592926
89169450531
0079151847984
0079250642004
0079163741413
0079261007418
89686224613
0079175641704
0079689552016
89295210404
89636850001
89259250130
0079672325034
0079030155003
89295125200
89265563776
89997757979
89771166268
89261758372
0079309628533
89043499949
89917534716
89855040336
0079651616231
0079253731670
89258769842
89779941416
0079770401658
0079254998332
89037930693
0079660920489
0079998806001
0079998806003
89857587134
89196464946
89013545509
89150373128
89060384939
89255753586
0079268904496
89096336237
0079267131814
0079857545975
89859963211
89320900029
0079685217633
0079262556023
0079099548953
0079779725308
0079096687856
0079279790011
0079035071048
89250656385
89266506268
89686606520
89851664823
89257037647
0079809416135
89154707141
89777390809
89115112323
0079251375028
0079689169141
0079652579445
89152162674
0079670871010
0079265229987
0079067577496
89161162161
89857787978
0079200496523
89773675882
89099875113
0079263490410
89163861466
0079255773502
0079637587277
0079096363664
89990952126
89857791658
0079969522957
89859451670
0079096441067
0079019059409
0079951151400
89776084540
89998642749
89262543479
0079192928668
0079267318786
89689213471
0079265493990
89534421166
0079296527787
89771667899
89295202092
0079002206768
0079850692124
0079698004180
0079858155439
0079998799817
89175906178
89164727776
89911307622
89099150995
89260710598
0079165588402
0079031742844
89055286028
89269211156
89776151752
89771468619
0079914413939
0079773391309
89653045004
0079998238835
89266151565
0079059554730
0079778772093
89091699818
0079163883859
0079774455729
0079670797763
0079099743893
89858927785
0079649954273
89106393758
0079680254179
89636306595
0079032245068
0079779248610
89269671873
0079859378642
0079776005897
89806746104
89164942031
0079267337067
89652591017
0079777509357
89585920745
0079774144192
0079771693132
0079858743124
89853058398
89161290900
89152383700
89163214450
89104061581
89654479992
0079686168189
0079266206691
89774354102
89197645245
89850587484
0079777173058
89164074061
0079647784038
0079962556998
0079586421572
0079998067736
0079777543383
0079378777577
89778003977
89036297178
0079653043444
89686811267
89067935204
0079287532133
89611111112
0079621724635
0079258525934
0079264909188
89253800362
89015051322
89013849483
0079774346317
89156662948
89266777916
89771150859
89671283337
0079055808248
0079250104506
89262674133
0079295155934
0079244644805
0079646222233
0079145407973
89998340562
0079152424045
0079164362766
89040338864
0079850767452
0079688385777
0079856412882
89675023945
89661014862
0079031764181
0079852919437
89153502775
0079687151715
89685880681
0079256663099
89161113899
0079646371707
0079670133330
89269986071
89775640836
89854178086
0079651901754
0079670081218
89854332305
89013871096
0079256581512
89778969228
89857225957
0079999667857
89647559980
0079647759980
89688536063
89055883448
0079263283300
89687386449
0079262911111
89678358760
0079267361006
89263401464
89166774237
89689406666
0079060171111
0079150780075
0079015445165
0079777224599
89031264429
89651214983
89259671513
0079105967745
0079627513039
0079623633986
0079670265180
0079201881111
0079919314308
89255307105
0079663333092
89261842133
0079251117746
0079060181111
89998458058
0079397779988
0079269006365
89037497713
89800703830
0079998094164
89652826019
89251598665
89253116404
89261734992
0079099579981
0079254487781
89685658818
0079775684103
89851159228
0079296655650
89031334721
89036722205
89158461095
0079683726781
0079629320399
0079773905957
0079253403161
89017095573
89855197283
0079683867774
0079263023322
0079260660355
0079407762627
89771135403
89775538580
89175091123
0079169469855
0079995730402
0079160446145
89772775434
0079588320695
0079606196747
89374803756
0079032277962
0079269438050
89651601144
0079017129295
89661886555
89774887321
89258314440
0079912423792
0079165025566
89778571004
89670437022
89805614835
89125609945
89501161266
0079640178981
89859328432
89267057576
0079256807573
0079295677026
0079639959960
0079688009811
0079253806350
89035593205
0079039684163
0079265640704
0079651207377
89169841787
89020926276
0079099966278
0079036191859
89164301817
0079154554931
0079775361499
0079269174468
89091509345
89263054371
89154552929
0079859182888
0079296946434
89068617142
89998481228
89690840482
0079773595812
0079060478372
89999282501
0079660907735
0079859095633
89164373663
89263877455
89858204343
89850063740
89163500151
0079035959780
0079046987815
0079911301579
89951005685
89645907929
89771034124
89253831674
0079055823377
0079687977202
89263877444
0079162127079
0079852660203
89261585558
0079257446105
89299876029
89020959039
89661206331
0079067148362
0079153949377
89265819845
0079854392743
89264295996
0079629403181
0079261773228
89265594198
0079175674766
0079032899907
0079670821316
89031722468
0079257711996
89268306381
0079266096418
0079197240725
89161279901
89165077766
89136725715
0079671942226
0079687557933
89035255265
89261214538
89267879651
0079165162735
0079162228882
0079035420349
89037329844
89253761131
89851463433
89067030862
89175164122
0079266838300
0079263465662
0079005555300
0079029878254
89067771104
0079032788172
0079852115150
89147750322
89258525506
89104225522
89051334500
0079055597036
0079039681360
0079999998803
89257610428
89295909404
89268052808
89853184191
89168619680
0079777320430
89108149299
89647182440
89013433107
80336529407
89156151696
0079852220585
0079156486044
0079654001590
89854556720
0079104179155
0079646347952
0079268294800
0079251487138
89919296355
0079296005763
0079015417220
0079031848088
0079853413419
89409693269
0079031277700
0079605558986
89227982821
0079176775557
0079175151943
0079152454191
89670794135
89919397005
0079017050506
0079616444244
0079850559545
0079683734010
0079255070898
89957851491
89256360741
0079779083951
0079671898966
89251349772
89037857838
89299778631
0079263374320
0079672992821
89637535140
0079017195785
0079917475530
89154550077
89154550078
0079261725026
0079859364623
0079856149105
0079263331307
0079167981389
0079680606455
0079013304570
89084776108
0079524146605
0079035630014
89153588248
0079998574709
89208910210
89858566690
0079964052522
89266034866
89160797331
89099943731
89522885248
89031009094
0079661839990
89853519578
0079637525140
0079858372059
0079776644580
0079268557553
0079997058438
89653539610
0079161138356
89163348412
0079776303823
89685636404
0079253486953
89613470224
89067103222
0079154337339
89152526394
89260205546
89854575545
89190781865
0079163789093
89999626288
89201584027
89645957242
89771563052
89774933802
0079032951451
0079258146797
0079999774774
0079653734266
89687054758
89265776238
0079690864944
89256027591
89645683083
89151731223
0079151812820
0079779021750
89157387197
89651532602
89161931672
89256719190
89055707574
89050159362
0079779889107
0079999822198
89279856566
0079651651537
0079776219750
0079852031790
89261430209
0079772675779
89032333384
89672803574
89152002331
89671668248
89035535949
89775044713
89517551433
89150003027
0079653317232
89269000269
0079257514546
89652361350
0079774236468
89183845798
89051254511
89690514852
0079267779200
0079264230728
89265837185
0079998188410
0079032567482
0079771187422
89060501982
89778355273
89031453433
89257259815
89169320777
89175618062
89854285739
0079055899399
0079265672731
89263524875
89612024444
0079999650475
0079686621277
89204074545
0079036700567
89533364097
0079303372495
0079257290877
0079652100024
89166797900
89852067932
89805464432
89261594510
89067277744
89137881298
0079990019090
89775528260
0079998258034
0079162372717
0079296789976
89853886618
0079168712738
0079776569132
89267478397
89035585275
89055037921
0079260235941
0079055054513
0079859410840
0079175229886
89169984125
0079299666502
0079250624401
89167820449
0079263845870
89999829265
0079648034603
0079016870757
0079268357665
89685401740
89011898293
0079151167372
89166735801
89660308242
0079999117655
89032839486
89777703910
0079775213571
0079996774548
0079661061661
0079151010001
0079162424930
89885597003
89776530310
0079254546350
0079154028228
89221250326
89531280013
0079060514016
0079588157777
89859474012
0079264692161
0079037693707
89508726626
0079151502340
0079771162042
0079852596958
89153595919
0079996958734
+84 951820777
0079163205399
0079771252296
89200109812
89776600467
0079104353640
0079852685809
0079645510041
0079672736535
89689509660
89168085595
89663662124
89161416796
0079654207342
89686864340
89894840069
89269596503
0079269630789
0079858790989
89999623986
0079162982662
89774091232
0079851675899
89033377744
89167121983
89257876812
89263938622
0079997160404
0079774956920
89099196140
0079999825106
89265824061
0079647935080
89652844913
+84 959544225
89850852341
89169737176
89162479386
89051093696
0079376305699
0079651634599
89067704876
89296239768
0079779140613
0079005446214
0079037307373
89168040572
0079772690196
89150353037
0079067889905
89687195412
0079609470151
89688012405
0079262676560
0079873528613
0079771625527
0079039740246
89661957339
89885424992
0079779548071
00994503015256
89099848883
89269737776
89252161168
89031321000
89296165630
89208830000
89851638164
0079129968422
0079040592151
0079153573398
0079880217449
0079096361813
0079255022502
89263642091
89636180348
89269585325
89774631796
89164686757
89671032775
89263952477
89774338100
89175462696
0079151593475
0079671621402
89647231123
0079033674245
89258449714
89268157113
89776646504
89151294056
89057654416
89252325882
89857321100
0079654332852
0079689469085
89660103384
0079652437012
89055275361
0079857681005
0079687440777
0079299501880
89168215824
89213817294
89629859000
0079261646411
89268256806
0079199609917
89264992241
0079611937913
0079151193730
89652652708
0079154667545
0079586430540
89771998928
89139125573
0079162165214
89263241515
0079779192973
89250278687
0079612636060
0079254379218
0079777726168
89653479389
0079037551643
89252374535
0079055544707
89856988118
89686105684
0079032409709
89151678543
0079031078234
0079035829279
0079268564659
89671344546
0079681850228
89254418166
0079661848175
0079652618689
89254932194
89998825660
0079268815522
0079226999696
0079684725252
0079035562288
89055953641
89150031084
89261938961
0079167585660
89855594870
89261692913
89852486288
0079773227972
89166432029
0079267331880
0079774585931
0079686588459
89647000068
89252755615
0079672809778
0079055568700
0079251511990
89251008088
0079653446097
0079775211396
89256998539
89680424666
89151769465
0079588316960
0079252098257
89262183911
89160949193
89774753402
0079255298410
0079254128350
0079015896727
0079779082566
0079163316283
89852707627
89636082165
0079771269714
89261546647
0079100199892
89055506580
0079269867069
0079266783099
0079067856244
0079169142896
0079165424448
0079258313336
89772506410
0079779015657
89779371400
0079015291571
0079999784050
0079060118125
0079260546394
0079160859295
0079263818273
0079851730199
0079778829477
0079163467986
89853596162
0079299411377
0079249338978
89654300680
89912479349
89009808575
0079911089398
0079168078359
0079164388828
89263526485
0079165537400
0079254440342
0079776100546
89032549063
89167006688
89031145798
0079067168608
0079366170070
0079645070086
0079969766920
89774040807
0079774478968
89055446586
89153364430
0079857379992
89777019424
0079686377422
0079999883936
0079165114149
89299001400
0079266068125
89199966461
0079036814344
89998446325
89687232023
0079096871911
89099867750
89262964949
89689995581
89851118634
0079055585937
0079850971304
0079264358268
0079260444010
0079857268719
0079202939972
0079015092575
0079130340022
89266623067
0079778356477
89775702079
0079103639580
89859215581
89167130424
0079265370300
89660367572
89601686320
0079655513068
0079996382810
0079067335039
89161975060
89858583735
89685773445
89091504602
0079013387864
89257085039
89686423777
0079506407937
89603500611
89260749934
89253584812
0079035907230
89268929001
0079250625199
89858997021
89252999432
89261072647
0079672708363
89154099261
89776572206
89063797570
0079264473764
89177446091
0079778475633
89162536350
89175486219
89851840654
0079256134271
89776535189
89060243340
0079269834797
0079851740764
89778962982
89612655017
89117687472
89689535837
0079852192259
0079672124475
0079779402430
0079997183429
0079101758144
89773009436
89777289495
89091560006
0079060821900
0079036764229
0079933000333
0079999870538
0079654464171
0079201941887
89269393811
89163646862
89037616144
89295260202
0079660308771
89250513110
0079163723514
0079154280101
89663004004
89269704708
0079672389891
0079154591634
0079636666067
89857463045
89255137833
89104371012
89264261636
89035768300
89167140373
0079834265643
0079269449380
0079645669693
0079035926632
89163348533
89775783289
89998226032
89511010327
89953008214
89775944663
89264909246
0079164303934
0079856228377
89651973461
89852060963
0079299991884
0079266774744
0079169211428
89122825433
0079066423914
89773909660
0079850166300
89096791137
89776821421
89161587225
0079377403565
89017883446
89992792779
0079035584750
89038329750
89998691452
89671777577
89588177947
89269785577
89265628887
0079017975148
0079688807795
89693491653
89091556486
89534668837
0079165469893
0079057479016
89670298958
89853462965
89015091567
0079269264142
89854361141
0079266166448
89992338124
89185568855
0079853402097
89192596609
0079653885106
0079660570317
0079056437139
0079161090503
89775906343
0079031202019
0079777728377
0079093011747
0079778188932
89778330595
89303087492
89670027952
89850495927
89260010040
89166423850
89162621930
0079691998558
0079254824895
89049558219
89152431994
89260566755
0079857117031
0079151187274
89262230342
0079163963377
0079774441456
0079257777135
0079647253385
0079153367867
0079175047540
89197291734
89013842434
0079999838394
0079775281214
0079771685304
89855401488
89772673228
89778587030
0079037719125
0079090201567
89772699418
0079859274590
89251066925
0079996733052
89222808122
0079163110807
89067492649
89164077575
89296335678
0079661114242
0079773553058
89258966887
0079808978807
89954155340
89256606035
0079260960347
89058118252
0079057978755
0079999703130
0079162431168
89031157582
89688035113
0079303349120
0079275023398
0079013644319
89375361625
89688615380
0079998553049
89652031441
89239992001
0079166380101
89661105777
0079036128085
89082504701
0079267989059
89015074113
89262631631
89636805448
+84 959151572
89262664631
89263120648
0079163700062
0079038139898
0079166063234
0079688100980
0079165301411
0079990037945
89852983555
89917071154
0079296549313
0079776734196
0079104808006
89538659191
89853916947
0079778549313
89032935999
89776292840
0079608588003
0079255310683
0079651450267
89253069613
89685901012
89778126366
0079055159101
89263809653
0079771804612
0079031189418
89850645657
0079258696192
89265016957
0079104667325
89603524677
89099424085
0079252868339
89774632325
89998626782
89773050359
89663399377
89778395857
0079295290535
0079298885243
0079779902807
0079999066070
0079133529876
0079671898990
89139121742
0079289599670
89037214249
0079183932093
0079067846448
0079653885293
89672225666
0079776903929
89851128495
0079652228023
89067344569
89776677853
89774915358
0079778115567
0079858848357
0079142608586
89855280237
89774067350
0079263545345
0079651980098
89263062905
89672912007
89175227395
0079262141243
0079154306697
89654469803
89850587972
89174999852
0079267885240
0079160882270
0079998188975
89996572323
0079154742557
0079779509283
89250565747
89688746707
0079858394513
89841630926
89255257480
89153534115
0079261858404
89161225960
89253563934
0079993478291
89670752993
89296382798
89771632546
89259114290
89180371401
0079262151347
89032520005
89875023205
89106957277
0079099531715
89167582988
0079850096838
89588089602
89039733935
0079170877590
0079779935965
0079636534724
89253821710
89252808267
0079104468931
89151717448
89175159651
89269601512
0079262497685
0079166964549
89775113859
0079060922198
89031796044
89161132065
89258597709
89672643434
0079256308945
0079191010699
89164218882
89055539291
89850709196
89264512800
89518501114
0079250991444
0079998377978
0079250205879
89652906326
0079684418144
0079262641476
89853449300
0079036743132
89778027377
0079779879972
0079639656609
0079190368080
0079268557517
89859853498
89151476932
89516797603
89778929293
0079773778744
89295491426
89151746077
0079154310887
0079057592117
0079262049155
89685493993
0079251973137
0079271939302
0079255942771
0079653260771
+84 955836929
0079654424584
0079615090989
89773402835
89251491500
89241689690
89151548185
89295717925
0079175697659
89268706661
0079254478402
89778169846
0079261724502
0079215785075
0079776221281
89852528959
0079165867459
0079999163063
89017132259
0079778998336
0079055564639
89950073393
0079151714884
89030141806
0079115752710
0079042843890
89295648860
89164023885
0079030131231
89852471290
89166042331
00996776838393
89031549398
0079636455330



